,Name_lower,mag_3p6,err_3p6,mag_4p5,err_4p5,P_final,HJD_max,RRL_type,Fe_H,Name,A_3p6,A_4p5,M_abs_3p6,M_abs_4p5,calibrator,logP
0,swand,8.485,0.009000000000000001,8.472000000000001,0.008,0.4422602,2456877.0,RRab,-0.24,SW And,0.008,0.007,8.477,8.465000000000002,False,-0.3543221420188453
1,xxand,9.408999999999999,0.009000000000000001,9.384,0.008,0.722757,2456751.0,RRab,-1.94,XX And,0.008,0.007,9.401,9.377,False,-0.14100769343571815
2,wyant,9.567,0.009000000000000001,9.548,0.008,0.5743456,2456750.5,RRab,-1.48,WY Ant,0.012,0.01,9.555,9.538,False,-0.24082670166730225
3,xari,7.885,0.009000000000000001,7.859,0.009000000000000001,0.65117288,2456750.5,RRab,-2.43,X Ari,0.037,0.031,7.848,7.828,False,-0.18630369520671122
4,aeboo,9.75,0.011000000000000001,9.749,0.011000000000000001,0.31489,2456750.5,RRc,-1.39,AE Boo,0.005,0.004,9.745,9.745000000000001,False,-0.5018411310871081
5,stboo,9.834,0.009000000000000001,9.816,0.009000000000000001,0.622286,2456750.5,RRab,-1.76,ST Boo,0.004,0.003,9.83,9.813,False,-0.2060099695299767
6,tvboo,10.197000000000001,0.009000000000000001,10.179,0.009000000000000001,0.31256107,2456750.0,RRc,-2.44,TV Boo,0.002,0.001,10.195,10.178,False,-0.5050651150469646
7,uyboo,9.721,0.008,9.696,0.009000000000000001,0.65083,2456750.5,RRab,-2.56,UY Boo,0.007,0.006,9.714,9.69,False,-0.18653243647554374
8,stcvn,10.437000000000001,0.009000000000000001,10.413,0.009000000000000001,0.329045,2456750.5,RRc,-1.07,ST CVn,0.003,0.002,10.434000000000001,10.411,False,-0.4827447041312934
9,uycam,10.777999999999999,0.009000000000000001,10.763,0.009000000000000001,0.2670274,2456750.25,RRc,-1.33,UY Cam,0.004,0.004,10.774,10.759,False,-0.5734441728741376
10,yzcap,10.337,0.009000000000000001,10.321,0.009000000000000001,0.2734563,2456750.5,RRc,-1.06,YZ Cap,0.012,0.01,10.325,10.311,False,-0.5631120667171408
11,rzcep,7.871,0.008,7.858,0.009000000000000001,0.30868,2456755.25,RRc,-1.77,RZ Cep,0.187,0.155,7.684,7.702999999999999,True,-0.5104915084220839
12,rrcet,8.501,0.009000000000000001,8.488999999999999,0.008,0.553029,2456750.25,RRab,-1.45,RR Cet,0.004,0.003,8.497,8.485999999999999,False,-0.2572520943557897
13,rvcrb,10.493,0.008,10.47,0.009000000000000001,0.33168000000000003,2456750.5,RRc,-1.69,RV CrB,0.008,0.006,10.485000000000001,10.464,False,-0.4792807152502143
14,wcrt,10.505999999999998,0.011000000000000001,10.5,0.011000000000000001,0.41201459,2456750.25,RRab,-0.54,W Crt,0.009,0.007,10.496999999999998,10.493,False,-0.38508740473312725
15,uycyg,9.709,0.009000000000000001,9.687999999999999,0.008,0.56070478,2456750.5,RRab,-0.8,UY Cyg,0.047,0.039,9.661999999999999,9.649,False,-0.2512657415316556
16,xzcyg,8.657,0.009000000000000001,8.639,0.008,0.46659934,2456750.5,RRab,-1.44,XZ Cyg,0.023,0.019,8.634,8.62,True,-0.33105587984693996
17,dxdel,8.65,0.009000000000000001,8.637,0.008,0.47261673,2456750.25,RRab,-0.39,DX Del,0.024,0.02,8.626000000000001,8.617,False,-0.3254909089878608
18,sudra,8.597999999999999,0.008,8.58,0.009000000000000001,0.66042001,2456750.5,RRab,-1.8,SU Dra,0.002,0.001,8.595999999999998,8.579,True,-0.18017977656471143
19,swdra,9.302999999999999,0.009000000000000001,9.285,0.009000000000000001,0.56966993,2456750.5,RRab,-1.12,SW Dra,0.003,0.002,9.299999999999999,9.283,False,-0.24437670415176363
20,cseri,8.125,0.008,8.109,0.009000000000000001,0.31133099999999997,2456750.5,RRc,-1.41,CS Eri,0.004,0.003,8.121,8.106,False,-0.5067776333854637
21,rxeri,8.336,0.009000000000000001,8.312000000000001,0.008,0.58724622,2456750.5,RRab,-1.33,RX Eri,0.012,0.01,8.324,8.302000000000001,False,-0.23117977001808754
22,sveri,8.566,0.008,8.549,0.008,0.713853,2456750.0,RRab,-1.7,SV Eri,0.016,0.014,8.55,8.535,False,-0.14639121099923086
23,rrgem,10.238999999999999,0.009000000000000001,10.217,0.009000000000000001,0.39729000000000003,2456750.5,RRab,-0.29,RR Gem,0.012,0.01,10.226999999999999,10.207,False,-0.40089236622949914
24,twher,10.234,0.009000000000000001,10.21,0.009000000000000001,0.399600104,2456750.5,RRab,-0.69,TW Her,0.008,0.006,10.226,10.204,False,-0.3983744074164751
25,vxher,9.593,0.008,9.573,0.009000000000000001,0.45535984,2456750.5,RRab,-1.58,VX Her,0.009,0.007,9.584,9.566,False,-0.3416452741940381
26,svhya,9.367,0.008,9.347999999999999,0.009000000000000001,0.4785428,2456750.5,RRab,-1.5,SV Hya,0.015,0.013,9.352,9.334999999999999,False,-0.32007921363934044
27,vind,8.849,0.009000000000000001,8.83,0.009000000000000001,0.47960169999999996,2456750.0,RRab,-1.5,V Ind,0.009,0.007,8.84,8.823,False,-0.31911928616678625
28,bxleo,10.677999999999999,0.009000000000000001,10.67,0.009000000000000001,0.362755,2456750.75,RRc,-1.28,BX Leo,0.005,0.004,10.672999999999998,10.666,False,-0.4403865927911382
29,rrleo,9.658,0.008,9.63,0.008,0.4523933,2456750.75,RRab,-1.6,RR Leo,0.008,0.006,9.65,9.624,False,-0.3444838356532483
30,ttlyn,8.586,0.009000000000000001,8.571,0.009000000000000001,0.597434355,2456750.75,RRab,-1.56,TT Lyn,0.003,0.003,8.583,8.568,False,-0.22370980724590014
31,rrlyr,6.47,0.009000000000000001,6.461,0.009000000000000001,0.5668378000000001,2456750.25,RRab,-1.39,RR Lyr,0.018,0.015,6.452,6.446000000000001,True,-0.2465411962085642
32,rvoct,9.492,0.011000000000000001,9.48,0.011000000000000001,0.5711625,2456750.5,RRab,-1.71,RV Oct,0.031,0.026,9.461,9.454,False,-0.24324031414801367
33,uvoct,8.18,0.009000000000000001,8.167,0.009000000000000001,0.5425800000000001,2456750.5,RRab,-1.74,UV Oct,0.018,0.015,8.161999999999999,8.152,True,-0.26553621877516176
34,avpeg,9.328,0.009000000000000001,9.322000000000001,0.008,0.3903747,2456750.5,RRab,-0.08,AV Peg,0.013,0.011,9.315,9.311000000000002,False,-0.40851833651363645
35,bhpeg,9.0,0.008,8.979,0.008,0.640993,2456750.75,RRab,-1.22,BH Peg,0.015,0.012,8.985,8.966999999999999,False,-0.19314671319252863
36,dhpeg,8.594,0.009000000000000001,8.6,0.009000000000000001,0.25551053,2456553.0,RRc,-0.92,DH Peg,0.017,0.014,8.577,8.586,False,-0.5925911971861753
37,rupsc,9.088,0.009000000000000001,9.075,0.008,0.390365,2456750.25,RRc,-1.75,RU Psc,0.008,0.007,9.08,9.068,False,-0.4085291279630137
38,bbpup,10.875,0.011000000000000001,10.873,0.011000000000000001,0.48054884,2456750.0,RRab,-0.6,BB Pup,0.019,0.016,10.856,10.857,False,-0.3182624667580053
39,hkpup,9.88,0.008,9.851,0.008,0.7342073,2456750.5,RRab,-1.11,HK Pup,0.064,0.053,9.816,9.798,False,-0.13418130175254833
40,ruscl,9.172,0.009000000000000001,9.148,0.009000000000000001,0.49335500000000004,2456750.25,RRab,-1.27,RU Scl,0.004,0.003,9.168000000000001,9.145,False,-0.30684046599940423
41,svscl,10.505999999999998,0.009000000000000001,10.502,0.009000000000000001,0.37735599999999997,2457000.5,RRc,-1.77,SV Scl,0.003,0.002,10.502999999999998,10.5,False,-0.42324874028984744
42,anser,9.799,0.008,9.79,0.009000000000000001,0.52207144,2456750.25,RRab,-0.07,AN Ser,0.007,0.006,9.792,9.783999999999999,False,-0.28227006428720297
43,apser,10.212,0.008,10.202,0.009000000000000001,0.34083,2456750.5,RRc,-1.58,AP Ser,0.007,0.006,10.205,10.196,False,-0.46746218543984885
44,tsex,9.141,0.009000000000000001,9.119,0.008,0.32468459999999993,2456750.25,RRc,-1.34,T Sex,0.009,0.008,9.132,9.111,False,-0.48853830975290247
45,v0440sgr,9.038,0.009000000000000001,9.022,0.008,0.47747883,2456750.75,RRab,-1.4,V0440 Sgr,0.017,0.014,9.021,9.008000000000001,False,-0.32104587898703396
46,v0675sgr,8.954,0.009000000000000001,8.929,0.009000000000000001,0.6422893,2456750.75,RRab,-2.28,V0675 Sgr,0.043,0.036,8.911000000000001,8.893,False,-0.19226931290675137
47,abuma,9.596,0.009000000000000001,9.586,0.008,0.59958113,2456750.75,RRab,-0.49,AB UMa,0.005,0.004,9.591,9.582,False,-0.2221520437120682
48,rvuma,9.755,0.009000000000000001,9.74,0.009000000000000001,0.46806000000000003,2456750.5,RRab,-1.2,RV UMa,0.003,0.003,9.752,9.737,False,-0.3296984717149923
49,tuuma,8.619,0.009000000000000001,8.605,0.009000000000000001,0.5576587,2456750.0,RRab,-1.51,TU UMa,0.004,0.003,8.615,8.602,False,-0.2536315180084685
50,uuvir,9.486,0.008,9.48,0.008,0.4756089,2456750.0,RRab,-0.87,UU Vir,0.003,0.003,9.483,9.477,False,-0.32275002708798844
